11001110
01101000
00011001
10011001
10000001
10100001
10100011
00001011
00101011
11100000
10001110
10110001
01101101
01100101
11000010
11110010
10010000
01000100
00011000
10011101
11110010
01101011
10011101
11011101
00011101
00011010
00010000
11100110
00011000
00000011
11011011
11001111
00111010
00111000
01000011
01010011
00000101
10100101
10001001
11010010
01110000
00010010
10110100
10110101
01011110
01001001
11010010
01110011
11101001
01111010
11010001
00011000
01000001
01000000
00011011
00011101
10000000
10101011
01110111
00100010
10001000
10100000
01011000
11011111